0	0000 0000 0000 0000 0000 0000 0000 0011 	start_address = 3
1	0000 0000 0000 0000 0000 0000 0000 0001 	port = 1
2	0000 0000 0000 0000 0000 0000 0000 0000 	result = 0
3	0000 0000 0000 0000 0000 0000 0000 0010 	PUSH
4	0000 0000 0000 0000 0000 0011 1110 1000 	1000
5	0000 0000 0000 0000 0000 0000 0000 1000 	DEC
6	0000 0000 0000 0000 0000 0000 0000 0101 	DUP
7	0000 0000 0000 0000 0000 0000 0000 0010 	PUSH
8	0000 0000 0000 0000 0000 0000 0010 1100 	break (44)
9	0000 0000 0000 0000 0000 0000 0000 0100 	SWAP
10	0000 0000 0000 0000 0000 0000 0001 0011 	JZ
11	0000 0000 0000 0000 0000 0000 0000 0101 	DUP
12	0000 0000 0000 0000 0000 0000 0000 0101 	DUP
13	0000 0000 0000 0000 0000 0000 0000 0010 	PUSH
14	0000 0000 0000 0000 0000 0000 0000 0011 	3
15	0000 0000 0000 0000 0000 0000 0000 0100 	SWAP
16	0000 0000 0000 0000 0000 0000 0000 1101 	MOD
17	0000 0000 0000 0000 0000 0000 0000 0010 	PUSH
18	0000 0000 0000 0000 0000 0000 0010 0010 	suc (34)
19	0000 0000 0000 0000 0000 0000 0000 0100 	SWAP
20	0000 0000 0000 0000 0000 0000 0001 0011 	JZ
21	0000 0000 0000 0000 0000 0000 0000 0101 	DUP
22	0000 0000 0000 0000 0000 0000 0000 0010 	PUSH
23	0000 0000 0000 0000 0000 0000 0000 0101 	5
24	0000 0000 0000 0000 0000 0000 0000 0100 	SWAP
25	0000 0000 0000 0000 0000 0000 0000 1101 	MOD
26	0000 0000 0000 0000 0000 0000 0000 0010 	PUSH
27	0000 0000 0000 0000 0000 0000 0010 0010 	suc (34)
28	0000 0000 0000 0000 0000 0000 0000 0100 	SWAP
29	0000 0000 0000 0000 0000 0000 0001 0011 	JZ
30	0000 0000 0000 0000 0000 0000 0000 0011 	POP
31	0000 0000 0000 0000 0000 0000 0000 0010 	PUSH
32	0000 0000 0000 0000 0000 0000 0000 0101 	loop (5)
33	0000 0000 0000 0000 0000 0000 0001 0010 	JMP
34	0000 0000 0000 0000 0000 0000 0000 0010 	PUSH
35	0000 0000 0000 0000 0000 0000 0000 0010 	result (2)
36	0000 0000 0000 0000 0000 0000 0000 1110 	LOAD
37	0000 0000 0000 0000 0000 0000 0000 1001 	ADD
38	0000 0000 0000 0000 0000 0000 0000 0010 	PUSH
39	0000 0000 0000 0000 0000 0000 0000 0010 	result (2)
40	0000 0000 0000 0000 0000 0000 0000 1111 	SAVE
41	0000 0000 0000 0000 0000 0000 0000 0010 	PUSH
42	0000 0000 0000 0000 0000 0000 0000 0101 	loop (5)
43	0000 0000 0000 0000 0000 0000 0001 0010 	JMP
44	0000 0000 0000 0000 0000 0000 0000 0011 	POP
45	0000 0000 0000 0000 0000 0000 0000 0010 	PUSH
46	0000 0000 0000 0000 0000 0000 0000 0010 	result (2)
47	0000 0000 0000 0000 0000 0000 0000 1110 	LOAD
48	0000 0000 0000 0000 0000 0000 0000 0010 	PUSH
49	0000 0000 0000 0000 0000 0000 0000 0001 	port (1)
50	0000 0000 0000 0000 0000 0000 0000 1110 	LOAD
51	0000 0000 0000 0000 0000 0000 0001 0001 	OUT
52	0000 0000 0000 0000 0000 0000 0001 0110 	HALT